2 1 1 max -100 100 -100 100 0.001 100000
2 1 2 max -100 100 -100 100 0.001 100000
2 1 3 max -100 100 -100 100 0.001 100000
2 1 1 min -100 100 -100 100 0.001 100000
2 1 2 min -100 100 -100 100 0.001 100000
2 1 3 min -100 100 -100 100 0.001 100000
2 2 1 max -100 100 -100 100 0.001 100000
2 2 2 max -100 100 -100 100 0.001 100000
2 2 3 max -100 100 -100 100 0.001 100000
2 2 1 min -100 100 -100 100 0.001 100000
2 2 2 min -100 100 -100 100 0.001 100000
2 2 3 min -100 100 -100 100 0.001 100000
2 3 1 max -100 100 -100 100 0.001 100000
2 3 2 max -100 100 -100 100 0.001 100000
2 3 3 max -100 100 -100 100 0.001 100000
2 3 1 min -100 100 -100 100 0.001 100000
2 3 2 min -100 100 -100 100 0.001 100000
2 3 3 min -100 100 -100 100 0.001 100000
2 4 1 max -100 100 -100 100 0.001 100000
2 4 2 max -100 100 -100 100 0.001 100000
2 4 3 max -100 100 -100 100 0.001 100000
2 4 1 min -100 100 -100 100 0.001 100000
2 4 2 min -100 100 -100 100 0.001 100000
2 4 3 min -100 100 -100 100 0.001 100000
2 5 1 max -100 100 -100 100 0.001 100000 10
2 5 2 max -100 100 -100 100 0.001 100000 10
2 5 3 max -100 100 -100 100 0.001 100000 10
2 5 1 min -100 100 -100 100 0.001 100000 10
2 5 2 min -100 100 -100 100 0.001 100000 10
2 5 3 min -100 100 -100 100 0.001 100000 10
2 1 1 max -100 100 -100 100 0.000001 100000
2 1 2 max -100 100 -100 100 0.000001 100000
2 1 3 max -100 100 -100 100 0.000001 100000
2 1 1 min -100 100 -100 100 0.000001 100000
2 1 2 min -100 100 -100 100 0.000001 100000
2 1 3 min -100 100 -100 100 0.000001 100000
2 2 1 max -100 100 -100 100 0.000001 100000
2 2 2 max -100 100 -100 100 0.000001 100000
2 2 3 max -100 100 -100 100 0.000001 100000
2 2 1 min -100 100 -100 100 0.000001 100000
2 2 2 min -100 100 -100 100 0.000001 100000
2 2 3 min -100 100 -100 100 0.000001 100000
2 3 1 max -100 100 -100 100 0.000001 100000
2 3 2 max -100 100 -100 100 0.000001 100000
2 3 3 max -100 100 -100 100 0.000001 100000
2 3 1 min -100 100 -100 100 0.000001 100000
2 3 2 min -100 100 -100 100 0.000001 100000
2 3 3 min -100 100 -100 100 0.000001 100000
2 4 1 max -100 100 -100 100 0.000001 100000
2 4 2 max -100 100 -100 100 0.000001 100000
2 4 3 max -100 100 -100 100 0.000001 100000
2 4 1 min -100 100 -100 100 0.000001 100000
2 4 2 min -100 100 -100 100 0.000001 100000
2 4 3 min -100 100 -100 100 0.000001 100000
2 5 1 max -100 100 -100 100 0.000001 100000 10
2 5 2 max -100 100 -100 100 0.000001 100000 10
2 5 3 max -100 100 -100 100 0.000001 100000 10
2 5 1 min -100 100 -100 100 0.000001 100000 10
2 5 2 min -100 100 -100 100 0.000001 100000 10
2 5 3 min -100 100 -100 100 0.000001 100000 10
2 1 1 max -100 100 -100 100 0.01 100000
2 1 2 max -100 100 -100 100 0.01 100000
2 1 3 max -100 100 -100 100 0.01 100000
2 1 1 min -100 100 -100 100 0.01 100000
2 1 2 min -100 100 -100 100 0.01 100000
2 1 3 min -100 100 -100 100 0.01 100000
2 2 1 max -100 100 -100 100 0.01 100000
2 2 2 max -100 100 -100 100 0.01 100000
2 2 3 max -100 100 -100 100 0.01 100000
2 2 1 min -100 100 -100 100 0.01 100000
2 2 2 min -100 100 -100 100 0.01 100000
2 2 3 min -100 100 -100 100 0.01 100000
2 3 1 max -100 100 -100 100 0.01 100000
2 3 2 max -100 100 -100 100 0.01 100000
2 3 3 max -100 100 -100 100 0.01 100000
2 3 1 min -100 100 -100 100 0.01 100000
2 3 2 min -100 100 -100 100 0.01 100000
2 3 3 min -100 100 -100 100 0.01 100000
2 4 1 max -100 100 -100 100 0.01 100000
2 4 2 max -100 100 -100 100 0.01 100000
2 4 3 max -100 100 -100 100 0.01 100000
2 4 1 min -100 100 -100 100 0.01 100000
2 4 2 min -100 100 -100 100 0.01 100000
2 4 3 min -100 100 -100 100 0.01 100000
2 5 1 max -100 100 -100 100 0.01 100000 10
2 5 2 max -100 100 -100 100 0.01 100000 10
2 5 3 max -100 100 -100 100 0.01 100000 10
2 5 1 min -100 100 -100 100 0.01 100000 10
2 5 2 min -100 100 -100 100 0.01 100000 10
2 5 3 min -100 100 -100 100 0.01 100000 10